$ 1 0.000005 10.20027730826997 50 5 43
r 592 80 592 144 0 100000
s 304 80 304 144 0 0 false
w 624 144 592 144 0
w 592 80 560 80 0
w 304 80 336 80 0
w 336 80 336 96 0
w 336 96 560 96 0
w 560 96 560 80 0
w 304 144 336 144 0
w 336 144 336 128 0
w 336 128 560 128 0
w 560 128 560 144 0
w 560 144 592 144 0
r 624 144 752 144 0 100000
w 752 144 784 144 0
w 784 144 784 176 0
w 784 144 896 144 0
g 864 176 880 176 0
w 592 144 592 208 0
w 592 272 592 336 0
g 864 304 880 304 0
w 784 272 896 272 0
w 784 272 784 304 0
w 752 272 784 272 0
r 624 272 752 272 0 100000
w 560 272 592 272 0
w 560 256 560 272 0
w 336 256 560 256 0
w 336 272 336 256 0
w 304 272 336 272 0
w 560 224 560 208 0
w 336 224 560 224 0
w 336 208 336 224 0
w 304 208 336 208 0
w 592 208 560 208 0
w 624 272 592 272 0
s 304 208 304 272 0 0 false
r 592 208 592 272 0 100000
w 592 400 592 464 0
g 864 432 880 432 0
w 784 400 896 400 0
w 784 400 784 432 0
w 752 400 784 400 0
r 624 400 752 400 0 100000
w 560 400 592 400 0
w 560 384 560 400 0
w 336 384 560 384 0
w 336 400 336 384 0
w 304 400 336 400 0
w 560 352 560 336 0
w 336 352 560 352 0
w 336 336 336 352 0
w 304 336 336 336 0
w 592 336 560 336 0
w 624 400 592 400 0
s 304 336 304 400 0 0 false
r 592 336 592 400 0 100000
w 592 528 592 592 0
g 864 560 880 560 0
w 784 528 896 528 0
w 784 528 784 560 0
w 752 528 784 528 0
r 624 528 752 528 0 100000
w 560 528 592 528 0
w 560 512 560 528 0
w 336 512 560 512 0
w 336 528 336 512 0
w 304 528 336 528 0
w 560 480 560 464 0
w 336 480 560 480 0
w 336 464 336 480 0
w 304 464 336 464 0
w 592 464 560 464 0
w 624 528 592 528 0
s 304 464 304 528 0 0 false
r 592 464 592 528 0 100000
r 592 976 592 1040 0 100000
s 304 976 304 1040 0 0 false
w 624 1040 592 1040 0
w 592 976 560 976 0
w 304 976 336 976 0
w 336 976 336 992 0
w 336 992 560 992 0
w 560 992 560 976 0
w 304 1040 336 1040 0
w 336 1040 336 1024 0
w 336 1024 560 1024 0
w 560 1024 560 1040 0
w 560 1040 592 1040 0
r 624 1040 752 1040 0 100000
w 752 1040 784 1040 0
w 784 1040 784 1072 0
w 784 1040 896 1040 0
g 864 1072 880 1072 0
w 592 1040 592 1104 0
r 592 848 592 912 0 100000
s 304 848 304 912 0 0 false
w 624 912 592 912 0
w 592 848 560 848 0
w 304 848 336 848 0
w 336 848 336 864 0
w 336 864 560 864 0
w 560 864 560 848 0
w 304 912 336 912 0
w 336 912 336 896 0
w 336 896 560 896 0
w 560 896 560 912 0
w 560 912 592 912 0
r 624 912 752 912 0 100000
w 752 912 784 912 0
w 784 912 784 944 0
w 784 912 896 912 0
g 864 944 880 944 0
w 592 912 592 976 0
r 592 720 592 784 0 100000
s 304 720 304 784 0 0 false
w 624 784 592 784 0
w 592 720 560 720 0
w 304 720 336 720 0
w 336 720 336 736 0
w 336 736 560 736 0
w 560 736 560 720 0
w 304 784 336 784 0
w 336 784 336 768 0
w 336 768 560 768 0
w 560 768 560 784 0
w 560 784 592 784 0
r 624 784 752 784 0 100000
w 752 784 784 784 0
w 784 784 784 816 0
w 784 784 896 784 0
g 864 816 880 816 0
w 592 784 592 848 0
w 592 656 592 720 0
g 864 688 880 688 0
w 784 656 896 656 0
w 784 656 784 688 0
w 752 656 784 656 0
r 624 656 752 656 0 100000
w 560 656 592 656 0
w 560 640 560 656 0
w 336 640 560 640 0
w 336 656 336 640 0
w 304 656 336 656 0
w 560 608 560 592 0
w 336 608 560 608 0
w 336 592 336 608 0
w 304 592 336 592 0
w 592 592 560 592 0
w 624 656 592 656 0
s 304 592 304 656 0 0 false
r 592 592 592 656 0 100000
R 592 -32 592 -80 0 0 40 12 0 0 0.5
403 928 112 1056 176 0 16_64_0_4099_10_0.00009765625_0_2_16_3
403 928 240 1056 304 0 21_64_0_4099_10_0.00009765625_0_2_21_3
403 928 368 1056 432 0 40_64_0_4099_10_0.00009765625_0_2_40_3
403 928 496 1056 560 0 59_64_0_4099_10_0.00009765625_0_2_59_3
403 928 624 1056 688 0 135_64_0_4099_10_0.00009765625_0_2_135_3
403 928 752 1056 816 0 130_64_0_4099_10_0.00009765625_0_2_130_3
403 928 880 1056 944 0 111_64_0_4099_10_0.00009765625_0_2_111_3
403 928 1008 1056 1072 0 92_64_0_4099_10_0.00009765625_0_2_92_3
g 704 1328 704 1360 0
w 592 1312 704 1312 0
w 592 1104 592 1312 0
R 896 1168 944 1168 0 0 40 12 0 0 0.5
g 944 1296 944 1312 0
w 944 1264 944 1296 0
162 896 1296 944 1296 2 default-led 1 0 0 0.01
162 896 1264 944 1264 2 default-led 1 0 0 0.01
w 832 1296 896 1296 0
w 832 1264 896 1264 0
w 672 1168 896 1168 0
w 672 1280 672 1168 0
w 704 1280 672 1280 0
178 704 1280 832 1280 0 1 0.2 0.05150214548971311 0.05 1000000 0.04 233
c 864 176 784 176 0 1e-8 -12.000000000000469
c 864 304 784 304 0 1e-8 -12.000000000000401
c 864 432 784 432 0 1e-8 -12.000000000000401
c 864 560 784 560 0 1e-8 -12.000000000000469
c 864 688 784 688 0 2.7000000000000004e-8 -12.0000000000004
c 864 816 784 816 0 1e-8 -12.000000000000401
c 864 944 784 944 0 1e-8 -12.000000000000469
c 864 1072 784 1072 0 1e-8 -11.999998666200685
w 592 -32 592 16 0
w 592 80 592 16 0
